a = 4 + 1i;
b = -2 + 6i;

A = [ 
    0 -4  3  0 
    1 2  0 -2 
    0 -3  1 -1];
 
B = [
  1 -4  0  0  2
  0 -1  3 -2  0
  1  1  1  0 -1
  0  2 -3  3  4];
  
C = [
  0     3+2i  2-4i
    2i -3+ 1i -4-3i];
    
NOT = [
0 1
1 0];

FALSE = [1;0];

ZERO = FALSE;

TRUE = [0;1];

ONE = TRUE;

AND = [1,1,1,0;0,0,0,1];
